% Here are the strins for all the Dynalog_raw_files

% file_names_exp = {'A20150410170218_0418155.dlg', 'A20150410175536_0418155.dlg',
%     'B20150410170218_0418155.dlg', 'B20150410175536_0418155.dlg',...
% 'A20150410170857_0418155.dlg', 'A20150410181121_0418155.dlg',
% 'B20150410170857_0418155.dlg', 'B20150410181121_0418155.dlg',...
% 'A20150410175354_0418155.dlg', 'A20150410181311_0418155.dlg',
% 'B20150410175354_0418155.dlg', 'B20150410181311_0418155.dlg'};

file_names_exp = {'A20150410170218_0418155.dlg','B20150410170218_0418155.dlg',...
    'A20150410170857_0418155.dlg','B20150410170857_0418155.dlg',...
    'A20150410175354_0418155.dlg','B20150410175354_0418155.dlg',...
    'A20150410175536_0418155.dlg','B20150410175536_0418155.dlg',...
    'A20150410181121_0418155.dlg','B20150410181121_0418155.dlg',...
    'A20150410181311_0418155.dlg','B20150410181311_0418155.dlg'};

file_names_arc = {'A20100214211029_Arc1.dlg','B20100214211029_Arc1.dlg',...
'A20100216115709_Arc1.dlg','B20100216115709_Arc1.dlg',...
'A20100216120123_Arc1.dlg','B20100216120123_Arc1.dlg',...
'A20100216120449_Arc1.dlg','B20100216120449_Arc1.dlg',...
'A20100216120628_Arc3.dlg','B20100216120628_Arc3.dlg'};
file_names_step = {'A20100216121123_Step1.dlg','B20100216121123_Step1.dlg'};
file_names_move = {'A20100216121552_Move1.dlg','B20100216121552_Move1.dlg',...
'A20100216121809_Move1.dlg','B20100216121809_Move1.dlg',...
'A20100216121932_Move1.dlg','B20100216121932_Move1.dlg',...
'A20100216145850_Move1.dlg','B20100216145850_Move1.dlg',...
'A20100216160429_Move1.dlg','B20100216160429_Move1.dlg',...
'A20100216162237_Move1.dlg','B20100216162237_Move1.dlg',...
'A20100216162325_Move1.dlg','B20100216162325_Move1.dlg',...
'A20100216162855_Move2.dlg','B20100216162855_Move2.dlg'};
file_names_cap = {'A20100218170856_RA CAP.dlg','B20100218170856_RA CAP.dlg',...
'A20100218185214_RA CAP.dlg','B20100218185214_RA CAP.dlg',...
'A20100218185802_RA CAP.dlg','B20100218185802_RA CAP.dlg',...
'A20100218190238_RA CAP.dlg','B20100218190238_RA CAP.dlg'};

file_names = [file_names_arc file_names_step file_names_move file_names_cap];
